1 1 : 2
2 2 : 4
3 3 : 6
4 4 : 8
5 5 : 10
6 6 : 12
7 7 : 14
8 8 : 16
9 9 : 18
10 1 : 11
11 11 : 22
12 21 : 33
13 31 : 44
14 41 : 55
15 51 : 66
16 61 : 77
17 71 : 88
18 81 : 99
19 91 : 110
20 2 : 22
21 12 : 33
22 22 : 44
23 32 : 55
24 42 : 66
25 52 : 77
26 62 : 88
27 72 : 99
28 82 : 110
29 92 : 121
30 3 : 33
31 13 : 44
32 23 : 55
33 33 : 66
34 43 : 77
35 53 : 88
36 63 : 99
37 73 : 110
38 83 : 121
39 93 : 132
40 4 : 44
41 14 : 55
42 24 : 66
43 34 : 77
44 44 : 88
45 54 : 99
46 64 : 110
47 74 : 121
48 84 : 132
49 94 : 143
50 5 : 55
51 15 : 66
52 25 : 77
53 35 : 88
54 45 : 99
55 55 : 110
56 65 : 121
57 75 : 132
58 85 : 143
59 95 : 154
60 6 : 66
61 16 : 77
62 26 : 88
63 36 : 99
64 46 : 110
65 56 : 121
66 66 : 132
67 76 : 143
68 86 : 154
69 96 : 165
70 7 : 77
71 17 : 88
72 27 : 99
73 37 : 110
74 47 : 121
75 57 : 132
76 67 : 143
77 77 : 154
78 87 : 165
79 97 : 176
80 8 : 88
81 18 : 99
82 28 : 110
83 38 : 121
84 48 : 132
85 58 : 143
86 68 : 154
87 78 : 165
88 88 : 176
89 98 : 187
90 9 : 99
91 19 : 110
92 29 : 121
93 39 : 132
94 49 : 143
95 59 : 154
96 69 : 165
97 79 : 176
98 89 : 187
99 99 : 198
100 1 : 101
101 101 : 202
102 201 : 303
103 301 : 404
104 401 : 505
105 501 : 606
106 601 : 707
107 701 : 808
108 801 : 909
109 901 : 1010
110 11 : 121
111 111 : 222
112 211 : 323
113 311 : 424
114 411 : 525
115 511 : 626
116 611 : 727
117 711 : 828
118 811 : 929
119 911 : 1030
120 21 : 141
121 121 : 242
122 221 : 343
123 321 : 444
124 421 : 545
125 521 : 646
126 621 : 747
127 721 : 848
128 821 : 949
129 921 : 1050
130 31 : 161
131 131 : 262
132 231 : 363
133 331 : 464
134 431 : 565
135 531 : 666
136 631 : 767
137 731 : 868
138 831 : 969
139 931 : 1070
140 41 : 181
141 141 : 282
142 241 : 383
143 341 : 484
144 441 : 585
145 541 : 686
146 641 : 787
147 741 : 888
148 841 : 989
149 941 : 1090
150 51 : 201
151 151 : 302
152 251 : 403
153 351 : 504
154 451 : 605
155 551 : 706
156 651 : 807
157 751 : 908
158 851 : 1009
159 951 : 1110
160 61 : 221
161 161 : 322
162 261 : 423
163 361 : 524
164 461 : 625
165 561 : 726
166 661 : 827
167 761 : 928
168 861 : 1029
169 961 : 1130
170 71 : 241
171 171 : 342
172 271 : 443
173 371 : 544
174 471 : 645
175 571 : 746
176 671 : 847
177 771 : 948
178 871 : 1049
179 971 : 1150
180 81 : 261
181 181 : 362
182 281 : 463
183 381 : 564
184 481 : 665
185 581 : 766
186 681 : 867
187 781 : 968
188 881 : 1069
189 981 : 1170
190 91 : 281
191 191 : 382
192 291 : 483
193 391 : 584
194 491 : 685
195 591 : 786
196 691 : 887
197 791 : 988
198 891 : 1089
199 991 : 1190
200 2 : 202
201 102 : 303
202 202 : 404
203 302 : 505
204 402 : 606
205 502 : 707
206 602 : 808
207 702 : 909
208 802 : 1010
209 902 : 1111
210 12 : 222
211 112 : 323
212 212 : 424
213 312 : 525
214 412 : 626
215 512 : 727
216 612 : 828
217 712 : 929
218 812 : 1030
219 912 : 1131
220 22 : 242
221 122 : 343
222 222 : 444
223 322 : 545
224 422 : 646
225 522 : 747
226 622 : 848
227 722 : 949
228 822 : 1050
229 922 : 1151
230 32 : 262
231 132 : 363
232 232 : 464
233 332 : 565
234 432 : 666
235 532 : 767
236 632 : 868
237 732 : 969
238 832 : 1070
239 932 : 1171
240 42 : 282
241 142 : 383
242 242 : 484
243 342 : 585
244 442 : 686
245 542 : 787
246 642 : 888
247 742 : 989
248 842 : 1090
249 942 : 1191
250 52 : 302
251 152 : 403
252 252 : 504
253 352 : 605
254 452 : 706
255 552 : 807
256 652 : 908
257 752 : 1009
258 852 : 1110
259 952 : 1211
260 62 : 322
261 162 : 423
262 262 : 524
263 362 : 625
264 462 : 726
265 562 : 827
266 662 : 928
267 762 : 1029
268 862 : 1130
269 962 : 1231
270 72 : 342
271 172 : 443
272 272 : 544
273 372 : 645
274 472 : 746
275 572 : 847
276 672 : 948
277 772 : 1049
278 872 : 1150
279 972 : 1251
280 82 : 362
281 182 : 463
282 282 : 564
283 382 : 665
284 482 : 766
285 582 : 867
286 682 : 968
287 782 : 1069
288 882 : 1170
289 982 : 1271
290 92 : 382
291 192 : 483
292 292 : 584
293 392 : 685
294 492 : 786
295 592 : 887
296 692 : 988
297 792 : 1089
298 892 : 1190
299 992 : 1291
300 3 : 303
301 103 : 404
302 203 : 505
303 303 : 606
304 403 : 707
305 503 : 808
306 603 : 909
307 703 : 1010
308 803 : 1111
309 903 : 1212
310 13 : 323
311 113 : 424
312 213 : 525
313 313 : 626
314 413 : 727
315 513 : 828
316 613 : 929
317 713 : 1030
318 813 : 1131
319 913 : 1232
320 23 : 343
321 123 : 444
322 223 : 545
323 323 : 646
324 423 : 747
325 523 : 848
326 623 : 949
327 723 : 1050
328 823 : 1151
329 923 : 1252
330 33 : 363
331 133 : 464
332 233 : 565
333 333 : 666
334 433 : 767
335 533 : 868
336 633 : 969
337 733 : 1070
338 833 : 1171
339 933 : 1272
340 43 : 383
341 143 : 484
342 243 : 585
343 343 : 686
344 443 : 787
345 543 : 888
346 643 : 989
347 743 : 1090
348 843 : 1191
349 943 : 1292
350 53 : 403
351 153 : 504
352 253 : 605
353 353 : 706
354 453 : 807
355 553 : 908
356 653 : 1009
357 753 : 1110
358 853 : 1211
359 953 : 1312
360 63 : 423
361 163 : 524
362 263 : 625
363 363 : 726
364 463 : 827
365 563 : 928
366 663 : 1029
367 763 : 1130
368 863 : 1231
369 963 : 1332
370 73 : 443
371 173 : 544
372 273 : 645
373 373 : 746
374 473 : 847
375 573 : 948
376 673 : 1049
377 773 : 1150
378 873 : 1251
379 973 : 1352
380 83 : 463
381 183 : 564
382 283 : 665
383 383 : 766
384 483 : 867
385 583 : 968
386 683 : 1069
387 783 : 1170
388 883 : 1271
389 983 : 1372
390 93 : 483
391 193 : 584
392 293 : 685
393 393 : 786
394 493 : 887
395 593 : 988
396 693 : 1089
397 793 : 1190
398 893 : 1291
399 993 : 1392
400 4 : 404
401 104 : 505
402 204 : 606
403 304 : 707
404 404 : 808
405 504 : 909
406 604 : 1010
407 704 : 1111
408 804 : 1212
409 904 : 1313
410 14 : 424
411 114 : 525
412 214 : 626
413 314 : 727
414 414 : 828
415 514 : 929
416 614 : 1030
417 714 : 1131
418 814 : 1232
419 914 : 1333
420 24 : 444
421 124 : 545
422 224 : 646
423 324 : 747
424 424 : 848
425 524 : 949
426 624 : 1050
427 724 : 1151
428 824 : 1252
429 924 : 1353
430 34 : 464
431 134 : 565
432 234 : 666
433 334 : 767
434 434 : 868
435 534 : 969
436 634 : 1070
437 734 : 1171
438 834 : 1272
439 934 : 1373
440 44 : 484
441 144 : 585
442 244 : 686
443 344 : 787
444 444 : 888
445 544 : 989
446 644 : 1090
447 744 : 1191
448 844 : 1292
449 944 : 1393
450 54 : 504
451 154 : 605
452 254 : 706
453 354 : 807
454 454 : 908
455 554 : 1009
456 654 : 1110
457 754 : 1211
458 854 : 1312
459 954 : 1413
460 64 : 524
461 164 : 625
462 264 : 726
463 364 : 827
464 464 : 928
465 564 : 1029
466 664 : 1130
467 764 : 1231
468 864 : 1332
469 964 : 1433
470 74 : 544
471 174 : 645
472 274 : 746
473 374 : 847
474 474 : 948
475 574 : 1049
476 674 : 1150
477 774 : 1251
478 874 : 1352
479 974 : 1453
480 84 : 564
481 184 : 665
482 284 : 766
483 384 : 867
484 484 : 968
485 584 : 1069
486 684 : 1170
487 784 : 1271
488 884 : 1372
489 984 : 1473
490 94 : 584
491 194 : 685
492 294 : 786
493 394 : 887
494 494 : 988
495 594 : 1089
496 694 : 1190
497 794 : 1291
498 894 : 1392
499 994 : 1493
500 5 : 505
501 105 : 606
502 205 : 707
503 305 : 808
504 405 : 909
505 505 : 1010
506 605 : 1111
507 705 : 1212
508 805 : 1313
509 905 : 1414
510 15 : 525
511 115 : 626
512 215 : 727
513 315 : 828
514 415 : 929
515 515 : 1030
516 615 : 1131
517 715 : 1232
518 815 : 1333
519 915 : 1434
520 25 : 545
521 125 : 646
522 225 : 747
523 325 : 848
524 425 : 949
525 525 : 1050
526 625 : 1151
527 725 : 1252
528 825 : 1353
529 925 : 1454
530 35 : 565
531 135 : 666
532 235 : 767
533 335 : 868
534 435 : 969
535 535 : 1070
536 635 : 1171
537 735 : 1272
538 835 : 1373
539 935 : 1474
540 45 : 585
541 145 : 686
542 245 : 787
543 345 : 888
544 445 : 989
545 545 : 1090
546 645 : 1191
547 745 : 1292
548 845 : 1393
549 945 : 1494
550 55 : 605
551 155 : 706
552 255 : 807
553 355 : 908
554 455 : 1009
555 555 : 1110
556 655 : 1211
557 755 : 1312
558 855 : 1413
559 955 : 1514
560 65 : 625
561 165 : 726
562 265 : 827
563 365 : 928
564 465 : 1029
565 565 : 1130
566 665 : 1231
567 765 : 1332
568 865 : 1433
569 965 : 1534
570 75 : 645
571 175 : 746
572 275 : 847
573 375 : 948
574 475 : 1049
575 575 : 1150
576 675 : 1251
577 775 : 1352
578 875 : 1453
579 975 : 1554
580 85 : 665
581 185 : 766
582 285 : 867
583 385 : 968
584 485 : 1069
585 585 : 1170
586 685 : 1271
587 785 : 1372
588 885 : 1473
589 985 : 1574
590 95 : 685
591 195 : 786
592 295 : 887
593 395 : 988
594 495 : 1089
595 595 : 1190
596 695 : 1291
597 795 : 1392
598 895 : 1493
599 995 : 1594
600 6 : 606
601 106 : 707
602 206 : 808
603 306 : 909
604 406 : 1010
605 506 : 1111
606 606 : 1212
607 706 : 1313
608 806 : 1414
609 906 : 1515
610 16 : 626
611 116 : 727
612 216 : 828
613 316 : 929
614 416 : 1030
615 516 : 1131
616 616 : 1232
617 716 : 1333
618 816 : 1434
619 916 : 1535
620 26 : 646
621 126 : 747
622 226 : 848
623 326 : 949
624 426 : 1050
625 526 : 1151
626 626 : 1252
627 726 : 1353
628 826 : 1454
629 926 : 1555
630 36 : 666
631 136 : 767
632 236 : 868
633 336 : 969
634 436 : 1070
635 536 : 1171
636 636 : 1272
637 736 : 1373
638 836 : 1474
639 936 : 1575
640 46 : 686
641 146 : 787
642 246 : 888
643 346 : 989
644 446 : 1090
645 546 : 1191
646 646 : 1292
647 746 : 1393
648 846 : 1494
649 946 : 1595
650 56 : 706
651 156 : 807
652 256 : 908
653 356 : 1009
654 456 : 1110
655 556 : 1211
656 656 : 1312
657 756 : 1413
658 856 : 1514
659 956 : 1615
660 66 : 726
661 166 : 827
662 266 : 928
663 366 : 1029
664 466 : 1130
665 566 : 1231
666 666 : 1332
667 766 : 1433
668 866 : 1534
669 966 : 1635
670 76 : 746
671 176 : 847
672 276 : 948
673 376 : 1049
674 476 : 1150
675 576 : 1251
676 676 : 1352
677 776 : 1453
678 876 : 1554
679 976 : 1655
680 86 : 766
681 186 : 867
682 286 : 968
683 386 : 1069
684 486 : 1170
685 586 : 1271
686 686 : 1372
687 786 : 1473
688 886 : 1574
689 986 : 1675
690 96 : 786
691 196 : 887
692 296 : 988
693 396 : 1089
694 496 : 1190
695 596 : 1291
696 696 : 1392
697 796 : 1493
698 896 : 1594
699 996 : 1695
700 7 : 707
701 107 : 808
702 207 : 909
703 307 : 1010
704 407 : 1111
705 507 : 1212
706 607 : 1313
707 707 : 1414
708 807 : 1515
709 907 : 1616
710 17 : 727
711 117 : 828
712 217 : 929
713 317 : 1030
714 417 : 1131
715 517 : 1232
716 617 : 1333
717 717 : 1434
718 817 : 1535
719 917 : 1636
720 27 : 747
721 127 : 848
722 227 : 949
723 327 : 1050
724 427 : 1151
725 527 : 1252
726 627 : 1353
727 727 : 1454
728 827 : 1555
729 927 : 1656
730 37 : 767
731 137 : 868
732 237 : 969
733 337 : 1070
734 437 : 1171
735 537 : 1272
736 637 : 1373
737 737 : 1474
738 837 : 1575
739 937 : 1676
740 47 : 787
741 147 : 888
742 247 : 989
743 347 : 1090
744 447 : 1191
745 547 : 1292
746 647 : 1393
747 747 : 1494
748 847 : 1595
749 947 : 1696
750 57 : 807
751 157 : 908
752 257 : 1009
753 357 : 1110
754 457 : 1211
755 557 : 1312
756 657 : 1413
757 757 : 1514
758 857 : 1615
759 957 : 1716
760 67 : 827
761 167 : 928
762 267 : 1029
763 367 : 1130
764 467 : 1231
765 567 : 1332
766 667 : 1433
767 767 : 1534
768 867 : 1635
769 967 : 1736
770 77 : 847
771 177 : 948
772 277 : 1049
773 377 : 1150
774 477 : 1251
775 577 : 1352
776 677 : 1453
777 777 : 1554
778 877 : 1655
779 977 : 1756
780 87 : 867
781 187 : 968
782 287 : 1069
783 387 : 1170
784 487 : 1271
785 587 : 1372
786 687 : 1473
787 787 : 1574
788 887 : 1675
789 987 : 1776
790 97 : 887
791 197 : 988
792 297 : 1089
793 397 : 1190
794 497 : 1291
795 597 : 1392
796 697 : 1493
797 797 : 1594
798 897 : 1695
799 997 : 1796
800 8 : 808
801 108 : 909
802 208 : 1010
803 308 : 1111
804 408 : 1212
805 508 : 1313
806 608 : 1414
807 708 : 1515
808 808 : 1616
809 908 : 1717
810 18 : 828
811 118 : 929
812 218 : 1030
813 318 : 1131
814 418 : 1232
815 518 : 1333
816 618 : 1434
817 718 : 1535
818 818 : 1636
819 918 : 1737
820 28 : 848
821 128 : 949
822 228 : 1050
823 328 : 1151
824 428 : 1252
825 528 : 1353
826 628 : 1454
827 728 : 1555
828 828 : 1656
829 928 : 1757
830 38 : 868
831 138 : 969
832 238 : 1070
833 338 : 1171
834 438 : 1272
835 538 : 1373
836 638 : 1474
837 738 : 1575
838 838 : 1676
839 938 : 1777
840 48 : 888
841 148 : 989
842 248 : 1090
843 348 : 1191
844 448 : 1292
845 548 : 1393
846 648 : 1494
847 748 : 1595
848 848 : 1696
849 948 : 1797
850 58 : 908
851 158 : 1009
852 258 : 1110
853 358 : 1211
854 458 : 1312
855 558 : 1413
856 658 : 1514
857 758 : 1615
858 858 : 1716
859 958 : 1817
860 68 : 928
861 168 : 1029
862 268 : 1130
863 368 : 1231
864 468 : 1332
865 568 : 1433
866 668 : 1534
867 768 : 1635
868 868 : 1736
869 968 : 1837
870 78 : 948
871 178 : 1049
872 278 : 1150
873 378 : 1251
874 478 : 1352
875 578 : 1453
876 678 : 1554
877 778 : 1655
878 878 : 1756
879 978 : 1857
880 88 : 968
881 188 : 1069
882 288 : 1170
883 388 : 1271
884 488 : 1372
885 588 : 1473
886 688 : 1574
887 788 : 1675
888 888 : 1776
889 988 : 1877
890 98 : 988
891 198 : 1089
892 298 : 1190
893 398 : 1291
894 498 : 1392
895 598 : 1493
896 698 : 1594
897 798 : 1695
898 898 : 1796
899 998 : 1897
900 9 : 909
901 109 : 1010
902 209 : 1111
903 309 : 1212
904 409 : 1313
905 509 : 1414
906 609 : 1515
907 709 : 1616
908 809 : 1717
909 909 : 1818
910 19 : 929
911 119 : 1030
912 219 : 1131
913 319 : 1232
914 419 : 1333
915 519 : 1434
916 619 : 1535
917 719 : 1636
918 819 : 1737
919 919 : 1838
920 29 : 949
921 129 : 1050
922 229 : 1151
923 329 : 1252
924 429 : 1353
925 529 : 1454
926 629 : 1555
927 729 : 1656
928 829 : 1757
929 929 : 1858
930 39 : 969
931 139 : 1070
932 239 : 1171
933 339 : 1272
934 439 : 1373
935 539 : 1474
936 639 : 1575
937 739 : 1676
938 839 : 1777
939 939 : 1878
940 49 : 989
941 149 : 1090
942 249 : 1191
943 349 : 1292
944 449 : 1393
945 549 : 1494
946 649 : 1595
947 749 : 1696
948 849 : 1797
949 949 : 1898
950 59 : 1009
951 159 : 1110
952 259 : 1211
953 359 : 1312
954 459 : 1413
955 559 : 1514
956 659 : 1615
957 759 : 1716
958 859 : 1817
959 959 : 1918
960 69 : 1029
961 169 : 1130
962 269 : 1231
963 369 : 1332
964 469 : 1433
965 569 : 1534
966 669 : 1635
967 769 : 1736
968 869 : 1837
969 969 : 1938
970 79 : 1049
971 179 : 1150
972 279 : 1251
973 379 : 1352
974 479 : 1453
975 579 : 1554
976 679 : 1655
977 779 : 1756
978 879 : 1857
979 979 : 1958
980 89 : 1069
981 189 : 1170
982 289 : 1271
983 389 : 1372
984 489 : 1473
985 589 : 1574
986 689 : 1675
987 789 : 1776
988 889 : 1877
989 989 : 1978
990 99 : 1089
991 199 : 1190
992 299 : 1291
993 399 : 1392
994 499 : 1493
995 599 : 1594
996 699 : 1695
997 799 : 1796
998 899 : 1897
999 999 : 1998
1000 1 : 1001
